59
175
275
130
119
235
319
194
120
129
34
158
102
10
314
51
208
301
5
28
220
137
233
264
343
180
231
263
99
121
103
280
478
444
314
190
213
183
139
21
63
111
146
112
58
102
10
68
98
117
161
105
37
114
32
126
243
116
295
360
244
22
133
136
47
10
61
241
1
62
167
96
36
53
160
126
100
94
149
160
313
286
209
284
99
93
331
55
82
45
169
194
250
153
82
330
103
426
253
270
223
217
91
152
344
5
121
128
59
177
183
42
105
4
159
116
290
23
14
44
118
55
44
217
138
23
3
135
55
117
157
211
174
336
463
642
629
702
440
534
663
620
603
529
616
457
461
477
1138
475
585
582
559
425
612
483
563
861
536
717
551
740
754
689
1268
872
754
908
611
831
612
721
620
729
985
986
973
869
1088
892
1051
983
958
889
943
1075
740
880
990
1022
941
949
1126
1029
850
797
704
914
1046
882
854
1041
1057
877
1049
808
1044
777
1121
946
1625
915
1118
907
1059
1087
1028
1165
1061
984
1029
1160
970
777
1365
1504
1239
1153
873
983
990
933
574
251
201
13
261
150
201
56
23
89
160
98
48
11
161
196
154
156
99
114
486
100
15
20
287
249
89
16
7
125
149
70
111
172
277
253
110
128
81
112
230
301
133
241
154
316
174
119
238
212
383
464
181
393
279
379
358
265
160
389
422
185
316
471
336
578
459
425
173
316
275
502
223
319
319
403
294
373
379
393
385
295
322
614
572
478
757
216
