3.00205
3.01232
3.02669
3.05955
3.10678
3.15195
3.18891
3.24641
3.3306
3.3922
3.48871
3.56058
3.66324
3.75359
3.87064
3.96509
4.08624
4.21971
4.34908
4.49281
4.64066
9.44353
9.66324
9.88296
10.0842
10.2731
10.4661
10.6468
10.8255
11
11.1663
11.3101
11.4456
11.5914
11.7392
11.8788
13.0021
13.0021
13
12.9897
12.9754
12.961
12.9363
12.9117
12.8624
12.8131
12.7803
12.7515
12.694
12.6345
12.5852
12.5359
12.4641
12.4148
12.3511
12.2628
12.2053
12.1191
12.0472
11.9754
11.8891
11.7782
11.6756
11.5688
11.4743
11.3676
11.2752
11.1704
11.0513
10.9343
10.807
10.6756
10.5503
10.423
10.2854
10.1294
9.97125
9.80287
9.63039
9.43943
9.27105
9.09651
8.88501
8.68583
8.48049
8.26899
8.05339
7.85421
7.59754
7.37166
7.16838
6.97331
6.80698
6.60986
6.43532
6.26694
6.09856
5.93224
5.78439
5.61396
5.45585
5.32649
5.15195
5.00821
4.87269
4.74333
4.61396
4.48665
4.35729
4.25873
4.15811
4.0616
3.97536
3.87474
3.80082
3.71253
3.6386
3.56058
3.4846
3.4271
3.34292
3.29158
3.23614
3.18275
3.15606
3.12936
3.10062
3.06776
3.03696
3.01232
3.00205
2.99589
2.99384
2.99589
3.01437
3.05133
3.1191
3.19097
3.28953
3.41889
3.56468
3.72074
3.88501
4.06982
4.27515
4.48665
4.72485
4.97536
5.21766
5.55031
5.8809
6.19507
6.52977
6.89322
7.25051
7.62423
8.05339
8.45175
8.87885
9.3347
9.80287
10.2875
10.7782
11.3018
11.8111
12.3901
12.9589
13.5626
14.1684
14.7844
15.4127
16.0534
16.731
17.4415
18.1376
18.809
20.6242
21.3901
22.1848
22.9938
23.9918
24.8234
25.6612
26.5606
27.4641
28.3593
29.2936
30.2341
31.2115
32.1684
33.152
34.152
35.1396
36.1437
37.1191
38.0698
39.0226
55.54
56.0883
56.6283
57.1478
57.6694
58.23
58.7043
59.152
59.6037
60.0021
60.4025
60.7823
61.1396
61.4476
61.8049
62.1068
62.4312
62.7269
62.9774
63.2156
63.4579
63.6817
63.8727
64.0595
64.2341
64.3737
64.5318
64.6304
64.694
64.7659
64.8789
64.9405
64.9938
65.0123
65.0144
65.0164
65.0123
64.9877
64.9363
59.7782
59.3942
58.9795
58.5667
58.1335
57.6694
57.2115
56.7146
56.2279
55.7023
55.1807
54.6468
54.0534
53.4805
52.9076
52.3101
51.7187
51.0678
50.4045
49.7495
49.0883
48.4251
47.7228
47.0144
46.2957
45.54
44.7618
43.9856
43.2136
42.3984
41.5975
40.7515
39.922
39.0678
38.1807
37.2854
36.3737
35.4743
34.5441
33.6078
32.6715
31.7741
30.8624
28.4538
27.577
26.731
25.924
25.1396
24.3347
23.5503
22.7782
22.0287
21.2977
20.5626
19.8214
19.1437
18.4764
17.7885
17.1478
16.5051
15.9076
15.308
14.7105
14.1396
13.5749
13.0287
12.4784
11.9651
11.4559
10.9836
10.5072
10.0554
9.60986
9.1848
8.77207
8.35318
7.9692
7.6078
7.23614
6.9076
6.577
6.26283
5.97331
2.99384
