0
0
37
37
37
0
0
37
0
37
0
37
37
37
37
37
73
37
37
37
37
73
37
73
73
73
73
37
37
73
73
73
37
37
73
37
0
0
0
0
0
0
0
37
37
0
0
0
37
37
0
37
0
0
0
37
37
0
37
37
37
37
37
0
0
37
37
37
37
37
73
73
73
73
73
37
37
37
73
73
73
37
37
73
73
73
37
73
73
37
73
73
73
73
37
37
37
37
37
37
73
37
37
37
37
37
73
37
0
37
0
37
0
0
37
37
0
37
0
0
0
37
0
0
0
37
0
37
0
0
0
0
0
0
37
0
37
37
37
73
73
37
73
37
73
73
37
73
37
110
73
110
73
110
73
110
110
146
146
183
146
146
146
146
183
146
183
110
220
146
183
256
256
256
183
220
256
256
220
220
330
220
256
330
330
220
293
366
293
330
256
366
330
256
293
183
330
110
183
146
146
146
146
110
146
110
73
110
146
110
73
110
110
110
73
73
110
110
37
37
73
37
37
37
37
37
73
37
37
37
0
0
0
0
0
37
110
183
110
110
146
146
110
110
183
110
110
146
183
183
110
146
220
183
220
183
220
183
256
183
183
293
183
256
256
293
183
183
293
183
256
183
183
293
256
366
330
256
256
220
293
330
220
220
293
293
220
220
293
183
220
146
256
220
183
183
183
146
110
220
183
146
183
183
146
183
110
183
110
146
146
73
110
146
146
110
110
110
73
0
