683
333
379
431
473
473
183
238
331
419
318
486
684
315
134
10
250
415
578
810
966
515
502
173
326
893
1072
664
173
240
277
480
201
199
683
812
360
668
591
489
428
285
505
463
449
532
775
466
496
451
568
731
718
599
329
636
585
726
685
431
498
438
715
757
435
432
440
497
656
539
198
345
638
726
450
97
494
365
675
472
187
573
335
809
244
119
597
222
950
504
289
727
342
657
947
287
241
356
267
545
702
330
365
305
514
368
694
619
488
440
403
325
525
631
513
566
391
467
439
532
492
653
586
548
425
353
442
375
379
431
513
571
390
601
598
418
444
339
410
670
510
588
456
498
498
518
667
623
768
747
694
504
359
264
242
482
381
464
800
597
482
655
281
655
410
518
119
337
540
340
711
566
579
155
476
453
233
914
431
293
293
430
499
683
579
474
449
418
499
749
879
844
630
393
473
416
597
841
684
716
768
1097
1112
559
900
838
1006
782
906
1008
813
965
804
981
607
915
1212
959
909
1072
971
968
1058
887
909
1008
933
826
358
535
570
318
473
633
460
571
992
482
868
825
1031
1255
705
739
1057
1078
1385
1076
622
765
1091
851
1008
1453
899
789
588
910
1187
1131
1174
981
1394
967
927
755
747
563
538
874
835
732
950
977
1070
891
1039
1005
1070
183
635
1311
642
1019
713
886
1032
1022
926
1170
1345
1556
1508
1502
1449
1506
1643
1174
1321
1314
1572
1473
1344
1425
1706
1580
1442
1600
1130
1004
1326
1361
1258
1087
829
1291
1338
1425
1510
952
