0
37
0
37
37
37
37
73
37
37
73
73
37
110
110
110
110
110
73
110
110
256
220
293
220
220
256
256
293
256
256
256
256
293
293
293
403
403
403
439
476
476
439
476
476
476
513
476
513
476
513
476
513
513
513
513
513
513
549
549
586
549
549
513
549
586
549
549
549
549
549
549
549
513
549
513
476
513
513
476
476
513
476
513
476
476
476
476
476
476
476
403
403
403
439
439
439
403
366
366
366
366
366
366
330
366
403
366
330
366
366
330
293
330
330
293
330
330
293
256
256
256
256
293
220
256
220
256
220
293
256
220
220
220
220
183
146
183
146
146
220
146
146
146
146
183
146
110
110
110
110
110
146
110
73
73
73
73
73
73
37
37
37
37
73
37
37
37
37
37
0
37
37
0
0
0
0
37
73
73
73
73
110
110
146
110
183
146
183
183
183
220
256
256
256
293
293
549
549
586
586
586
623
659
659
659
659
659
732
696
769
732
732
732
732
806
769
842
806
842
842
806
842
842
916
916
879
916
952
879
916
916
842
806
806
769
513
513
476
476
476
439
476
439
439
439
403
366
366
366
330
293
330
293
330
293
330
293
293
183
220
220
183
146
183
183
146
110
146
110
110
73
110
37
73
37
37
37
0
0
0
0
37
37
37
73
73
110
73
110
73
110
110
146
146
146
146
183
183
220
220
220
256
220
183
220
256
220
256
183
220
183
146
183
146
110
110
110
110
0
