29.9955
29.9861
29.9637
29.9417
29.9161
29.8879
29.8556
29.8197
29.7816
29.7399
29.6919
29.6435
29.5924
29.5332
29.4695
29.4009
29.3305
29.2592
29.1852
29.1099
29.0309
0
26.0238
25.8502
25.6691
25.4879
25.3045
25.1161
24.9233
24.7233
24.5188
24.3179
24.1121
23.8987
23.6839
23.4682
0
16.7099
16.3543
16.0202
15.6825
15.361
15.0807
14.7937
14.5031
14.2
13.9054
13.6072
13.3049
12.9946
12.6865
12.378
12.0682
11.7538
11.4291
11.0951
10.7726
10.4484
10.1206
9.78251
9.43946
9.10224
8.76233
8.42197
8.06457
7.70717
7.3574
7.00179
6.65785
6.30942
5.96682
5.6287
5.28744
4.95605
4.62197
4.26726
3.89103
3.52152
3.14395
2.77758
2.41435
2.05919
1.69462
1.33767
0.996861
0.651121
0.308072
-0.0309417
-0.429148
-0.750224
-1.08117
-1.40852
-1.72332
-2.03946
-2.34036
-2.65067
-2.95561
-3.25202
-3.54888
-3.84619
-4.13139
-4.41211
-4.69552
-4.97489
-5.25695
-5.52152
-5.78072
-6.04619
-6.30583
-6.55695
-6.80404
-7.05291
-7.29731
-7.53139
-7.76278
-7.99193
-8.22915
-8.45471
-8.67309
-8.887
-9.10224
-9.30986
-9.51076
-9.71031
-9.91256
-10.1108
-10.3004
-10.4843
-10.6709
-10.8475
-11.0188
-11.1861
-11.3538
-11.7238
-11.9013
-12.0543
-12.2
-12.3448
-12.483
-12.6202
-12.7543
-12.8798
-13.0027
-13.1247
-13.2426
-13.3565
-13.4641
-13.5668
-13.6726
-13.7874
-13.8798
-13.9717
-14.0619
-14.1448
-14.2233
-14.2978
-14.3686
-14.4363
-14.4973
-14.5547
-14.6099
-14.6614
-14.7117
-14.757
-14.7991
-14.8372
-14.8713
-14.9018
-14.9274
-14.948
-14.9623
-14.9807
-14.9883
-15.0004
-15.0022
-15.0022
-15.0009
-14.996
-14.9794
-14.9466
-14.8937
-14.8417
-14.783
-14.7143
-14.6341
-14.5448
-14.4453
-14.3377
-14.2206
-14.096
-13.9628
-13.822
-13.6682
-13.5027
-13.3318
-13.152
-12.9646
0
-5.98027
-5.57175
-5.15426
-4.7148
-4.16996
-3.72242
-3.26547
-2.78655
-2.31525
-1.83049
-1.33946
-0.830942
-0.322422
0.198206
0.725561
1.26054
1.80807
2.36233
2.92466
3.51704
4.10897
4.6991
5.3
5.91928
6.53677
7.17668
7.81435
8.45874
9.14798
9.82332
10.4897
11.1628
11.8121
12.4543
14.1583
14.8076
15.4058
16.0049
0
27.2233
27.596
27.9596
28.3112
28.6547
28.9879
29.3175
29.6363
29.9466
30.2511
30.5363
30.8242
31.1076
31.365
31.6157
31.8583
32.0937
32.3242
32.5422
32.7556
32.9529
33.1368
33.313
33.4816
33.6435
33.8009
33.9426
34.0776
34.2058
34.3274
34.4354
34.5336
34.6215
34.6996
34.7686
34.8287
34.8789
34.9197
34.9525
34.9785
34.9906
35.0009
35.0005
34.9991
34.9951
34.9794
34.9475
34.9076
34.8614
34.8085
34.7498
34.6848
34.6126
34.5318
34.4493
34.3587
34.2592
34.1502
34.0381
33.9197
33.7937
33.6565
33.5184
33.3731
33.2247
33.0641
32.8969
32.7251
32.5511
32.3682
32.1969
32.0296
31.8646
31.7094
31.5601
31.4202
31.2843
31.1529
31.0278
30.9175
30.8121
30.7161
0
