29.9848
29.97
29.9525
29.9318
29.9072
29.8785
29.8471
29.8112
29.7722
29.7291
29.6821
29.6327
29.578
29.5197
29.4574
29.3928
29.3229
29.2507
29.1735
29.0937
29.0103
26.1731
26.0036
25.8305
25.6507
25.4673
25.2771
25.0888
24.8973
24.7022
24.5
24.2973
24.091
23.8807
23.6601
23.4426
17.5121
16.6726
16.3152
15.9807
15.6363
15.3318
15.0471
14.7596
14.4691
14.1704
13.8686
13.57
13.2686
12.9587
12.6516
12.3422
12.0296
11.7148
11.3906
11.057
10.7336
10.4076
10.0785
9.74036
9.3991
9.06188
8.72152
8.37892
8.01973
7.66457
7.3148
6.96009
6.62108
6.27175
5.92511
5.58789
5.24709
4.91525
4.57982
4.22197
3.85471
3.47848
3.10583
2.73722
2.37848
2.02332
1.66009
1.3009
0.956951
0.611211
0.269058
-0.0695067
-0.465022
-0.789686
-1.1157
-1.44933
-1.76233
-2.0722
-2.38341
-2.69058
-2.98924
-3.2843
-3.57534
-3.87758
-4.16592
-4.44619
-4.72691
-5.01345
-5.28206
-5.55157
-5.813
-6.07937
-6.33767
-6.58789
-6.83453
-7.08117
-7.32018
-7.55605
-7.79148
-8.02332
-8.25516
-8.47578
-8.69641
-8.90942
-9.12601
-9.33184
-9.53722
-9.73543
-9.93632
-10.1336
-10.3206
-10.504
-10.6901
-10.8659
-11.0354
-11.2067
-11.3717
-11.7641
-11.9215
-12.0695
-12.217
-12.3578
-12.4951
-12.6354
-12.77
-12.896
-13.0184
-13.139
-13.2556
-13.3668
-13.4762
-13.5821
-13.687
-13.8009
-13.8942
-13.9839
-14.07
-14.1507
-14.2291
-14.3022
-14.3744
-14.4413
-14.5045
-14.5628
-14.6184
-14.6695
-14.7179
-14.7614
-14.8018
-14.8395
-14.8722
-14.9018
-14.9269
-14.9489
-14.9668
-14.9803
-14.9906
-14.9973
-15
-15
-14.9955
-14.9812
-14.9583
-14.926
-14.874
-14.822
-14.761
-14.691
-14.609
-14.5206
-14.4215
-14.3148
-14.1973
-14.0704
-13.9341
-13.7937
-13.6363
-13.4753
-13.3049
-13.126
-12.9377
-6.3278
-5.9278
-5.51928
-5.10179
-4.66054
-4.11256
-3.66502
-3.20897
-2.73587
-2.25336
-1.76996
-1.28565
-0.767265
-0.256502
0.263229
0.78296
1.3296
1.87623
2.42242
2.99641
3.58969
4.18296
4.77489
5.37623
5.99641
6.61569
7.25471
7.88161
8.53856
9.2278
9.90404
10.5587
11.2287
11.8892
12.5296
14.2318
14.8794
15.4767
16.0749
26.8744
27.2713
27.6399
28.0054
28.3556
28.7027
29.035
29.3578
29.6722
29.9874
30.2883
30.5798
30.8619
31.1395
31.3987
31.6489
31.8897
32.1256
32.3561
32.57
32.7776
32.9731
33.1596
33.3372
33.5031
33.6655
33.8206
33.9641
34.0964
34.2211
34.3372
34.4435
34.539
34.6256
34.7045
34.774
34.8332
34.8834
34.9251
34.9578
34.9807
34.9951
35
34.9946
34.9825
34.9641
34.9386
34.9072
34.8691
34.8233
34.7704
34.7121
34.6466
34.574
34.4937
34.409
34.3161
34.2166
34.109
33.9978
33.878
33.7538
33.6206
33.4856
33.339
33.191
33.0287
32.8623
32.6919
32.5126
32.3314
32.1574
31.9928
31.8372
31.6834
31.5336
31.3928
31.2592
31.1323
31.0117
30.9
30.7933
30.6946
30
