3.01232
3.02875
3.05339
3.08419
3.12115
3.16427
3.21561
3.27515
3.33881
3.41068
3.48871
3.57495
3.66735
3.76797
3.87269
3.98768
4.10883
4.23409
4.36756
4.50719
4.65708
9.47844
9.69405
9.90144
10.1047
10.306
10.4969
10.6797
10.8542
11.0226
11.1828
11.3388
11.4825
11.6283
11.7639
11.8932
13
12.9918
12.9795
12.963
12.9425
12.9199
12.8973
12.8686
12.8357
12.8008
12.7618
12.7187
12.6756
12.6263
12.5729
12.5175
12.46
12.3963
12.3265
12.2587
12.1848
12.1088
12.0287
11.9446
11.8563
11.768
11.6756
11.577
11.4743
11.3676
11.2608
11.152
11.0349
10.9158
10.7967
10.6715
10.5421
10.4127
10.2752
10.115
9.95277
9.78029
9.60164
9.42505
9.2423
9.05544
8.85421
8.65503
8.4538
8.24846
8.0308
7.78439
7.57084
7.36961
7.16632
6.97125
6.78029
6.59754
6.41889
6.2423
6.07392
5.9076
5.74333
5.58316
5.43326
5.28542
5.14168
4.99589
4.86448
4.73717
4.61396
4.48871
4.37577
4.26694
4.16016
4.05749
3.96304
3.87064
3.78439
3.70021
3.62012
3.54825
3.48049
3.41478
3.35524
3.29979
3.25051
3.20329
3.16222
3.12526
3.09446
3.06776
3.04517
3.02669
3.01437
3.00616
3.00205
3.01848
3.05133
3.10062
3.16632
3.24846
3.34497
3.46817
3.59959
3.74743
3.9117
4.09446
4.29569
4.51129
4.74127
4.99589
5.2731
5.60575
5.90965
6.23614
6.56879
6.91786
7.28337
7.67146
8.0883
8.50308
8.93429
9.39014
9.85216
10.3409
10.8378
11.3593
11.9055
12.462
13.0349
13.614
14.2382
14.8624
15.4908
16.1458
16.809
17.5216
18.2156
18.9261
20.7187
21.4846
22.2669
23.2444
24.0924
24.9281
25.7803
26.6489
27.5483
28.4641
29.3984
30.3326
31.2977
32.2813
33.2649
34.2793
35.2875
36.2608
37.2033
38.1458
39.117
55.614
56.1581
56.6756
57.2053
57.7084
58.306
58.7577
59.2136
59.6386
60.0493
60.4415
60.8234
61.191
61.5339
61.8563
62.1684
62.4682
62.7413
63.0082
63.2505
63.4928
63.7084
63.9055
64.0842
64.2526
64.4004
64.5318
64.6468
64.7495
64.8337
64.8994
64.9487
64.9815
64.9979
65
64.9774
64.9446
64.8973
64.8357
59.7495
59.3429
58.9343
58.5051
58.0678
57.6099
57.1437
56.6653
56.1704
55.6366
55.1047
54.5585
54.0062
53.4209
52.8501
52.2444
51.6263
50.9918
50.3429
49.6899
49.0226
48.3306
47.6345
46.9384
46.2136
45.4517
44.6858
43.9055
43.1253
42.3018
41.4908
40.6674
39.8131
38.961
38.078
37.1828
36.2854
35.3593
34.4353
33.4867
32.5626
31.653
30.7433
28.345
27.4743
26.6345
25.8214
25.0226
24.2382
23.4435
22.6756
21.9343
21.1971
20.4723
19.7392
19.0678
18.3881
17.7125
17.0739
16.4374
15.8172
15.2197
14.6386
14.0698
13.5072
12.9671
12.4251
11.9138
11.4107
10.9199
10.4538
9.99179
9.56057
9.12936
8.71253
8.31006
7.92197
7.54825
7.19097
6.84805
6.52361
6.20945
5.91376
3
